{
  "asset": {
    "version": "2.0",
    "generator": "GLTFExporter"
  },
  "scenes": [
    {
      "name": "AuxScene",
      "nodes": [
        61
      ]
    }
  ],
  "scene": 0,
  "nodes": [
    {
      "rotation": [
        8.146033536604584e-8,
        0,
        0,
        0.9999999999999967
      ],
      "scale": [
        100,
        99.99999999999999,
        99.99999999999999
      ],
      "name": "group1842606042",
      "extras": {
        "transformData": {
          "inheritType": 1,
          "eulerOrder": "ZYX",
          "rotation": [
            0.000009334666828389418,
            0,
            0
          ],
          "scale": [
            100,
            100,
            100
          ],
          "parentMatrixWorld": {
            "elements": [
              1,
              0,
              0,
              0,
              0,
              1,
              0,
              0,
              0,
              0,
              1,
              0,
              0.7924283559645744,
              -2.2284131887213476,
              -0.06428008758843085,
              1
            ]
          }
        }
      },
      "mesh": 0,
      "skin": 0
    },
    {
      "rotation": [
        8.146033536604584e-8,
        0,
        0,
        0.9999999999999967
      ],
      "scale": [
        100,
        99.99999999999999,
        99.99999999999999
      ],
      "name": "group1236196868",
      "extras": {
        "transformData": {
          "inheritType": 1,
          "eulerOrder": "ZYX",
          "rotation": [
            0.000009334666828389418,
            0,
            0
          ],
          "scale": [
            100,
            100,
            100
          ],
          "parentMatrixWorld": {
            "elements": [
              1,
              0,
              0,
              0,
              0,
              1,
              0,
              0,
              0,
              0,
              1,
              0,
              0.7924283559645744,
              -2.2284131887213476,
              -0.06428008758843085,
              1
            ]
          }
        }
      },
      "mesh": 1,
      "skin": 1
    },
    {
      "rotation": [
        8.146033536604584e-8,
        0,
        0,
        0.9999999999999967
      ],
      "scale": [
        100,
        99.99999999999999,
        99.99999999999999
      ],
      "name": "group847455024",
      "extras": {
        "transformData": {
          "inheritType": 1,
          "eulerOrder": "ZYX",
          "rotation": [
            0.000009334666828389418,
            0,
            0
          ],
          "scale": [
            100,
            100,
            100
          ],
          "parentMatrixWorld": {
            "elements": [
              1,
              0,
              0,
              0,
              0,
              1,
              0,
              0,
              0,
              0,
              1,
              0,
              0.7924283559645744,
              -2.2284131887213476,
              -0.06428008758843085,
              1
            ]
          }
        }
      },
      "mesh": 2,
      "skin": 2
    },
    {
      "rotation": [
        8.146033536604584e-8,
        0,
        0,
        0.9999999999999967
      ],
      "scale": [
        100,
        99.99999999999999,
        99.99999999999999
      ],
      "name": "group1782017518",
      "extras": {
        "transformData": {
          "inheritType": 1,
          "eulerOrder": "ZYX",
          "rotation": [
            0.000009334666828389418,
            0,
            0
          ],
          "scale": [
            100,
            100,
            100
          ],
          "parentMatrixWorld": {
            "elements": [
              1,
              0,
              0,
              0,
              0,
              1,
              0,
              0,
              0,
              0,
              1,
              0,
              0.7924283559645744,
              -2.2284131887213476,
              -0.06428008758843085,
              1
            ]
          }
        }
      },
      "mesh": 3,
      "skin": 3
    },
    {
      "rotation": [
        0.7422412365698673,
        0.030405901463922462,
        0.6693256908451373,
        -0.012511892985485471
      ],
      "translation": [
        0,
        8.319528579711914,
        0
      ],
      "scale": [
        599.9999389648438,
        599.9999389648438,
        599.9999389648438
      ],
      "name": "Ninja_Blob002",
      "extras": {
        "transformData": {
          "inheritType": 1,
          "eulerOrder": "ZYX",
          "translation": [
            0,
            8.319528579711914,
            0
          ],
          "rotation": [
            167.95319055845465,
            -83.91359361432312,
            15.529819898878209
          ],
          "scale": [
            599.9999389648438,
            599.9999389648438,
            599.9999389648438
          ],
          "parentMatrixWorld": {
            "elements": [
              1,
              0,
              0,
              0,
              0,
              1,
              0,
              0,
              0,
              0,
              1,
              0,
              0.7924283559645744,
              -2.2284131887213476,
              -0.06428008758843085,
              1
            ]
          }
        }
      },
      "mesh": 4,
      "skin": 4
    },
    {
      "name": "mixamorigHips"
    },
    {
      "name": "mixamorigHips",
      "children": [
        5
      ]
    },
    {
      "name": "mixamorigHips",
      "children": [
        6
      ]
    },
    {
      "name": "mixamorigSpine"
    },
    {
      "name": "mixamorigSpine1"
    },
    {
      "name": "mixamorigSpine2"
    },
    {
      "name": "mixamorigSpine2",
      "children": [
        10
      ]
    },
    {
      "name": "mixamorigNeck"
    },
    {
      "name": "mixamorigNeck",
      "children": [
        12
      ]
    },
    {
      "name": "mixamorigHead"
    },
    {
      "name": "mixamorigHead",
      "children": [
        14
      ]
    },
    {
      "translation": [
        0,
        11.814458847045898,
        -0.7328843474388123
      ],
      "name": "mixamorigHeadTop_End",
      "extras": {
        "transformData": {
          "eulerOrder": "ZYX",
          "translation": [
            0,
            11.814458847045898,
            -0.7328843474388123
          ],
          "parentMatrixWorld": {
            "elements": [
              0.8445868400262022,
              -0.366344326612712,
              -0.39046754654814,
              0,
              0.31171567477170403,
              0.9293773447588807,
              -0.19771466702509866,
              0,
              0.4353233380491638,
              0.04527235153935555,
              0.8991351434106585,
              0,
              0,
              1.7999987602233887,
              -0.11165904998779297,
              1
            ]
          }
        }
      }
    },
    {
      "rotation": [
        -0.06339233363874347,
        0.2154387159507431,
        -0.1768975399953145,
        0.9582665782158077
      ],
      "translation": [
        0,
        1.7999987602233887,
        -0.11165904998779297
      ],
      "name": "mixamorigHead",
      "extras": {
        "transformData": {
          "eulerOrder": "ZYX",
          "translation": [
            0,
            1.7999987602233887,
            -0.11165904998779297
          ],
          "parentMatrixWorld": {
            "elements": [
              0.9133393523677744,
              -0.3572775219794035,
              -0.1953560861576904,
              0,
              0.36766531950967946,
              0.9297739652072561,
              0.01850910627649968,
              0,
              0.17502411531111778,
              -0.08873075269356319,
              0.9805577049525098,
              0,
              0,
              3.4682489949748367,
              1.595735077408733e-8,
              1
            ]
          }
        }
      },
      "children": [
        15,
        16
      ]
    },
    {
      "rotation": [
        0.027421169778150213,
        0.09470600282845296,
        -0.18536746436300472,
        0.9777104682046964
      ],
      "translation": [
        0,
        3.4682489949748367,
        1.595735077408733e-8
      ],
      "name": "mixamorigNeck",
      "extras": {
        "transformData": {
          "eulerOrder": "ZYX",
          "translation": [
            0,
            3.4682489949748367,
            1.595735077408733e-8
          ],
          "preRotation": [
            -2.6867367432163056,
            0,
            0
          ],
          "parentMatrixWorld": {
            "elements": [
              0.9852766586861178,
              -0.1654841253285775,
              0.042952420850926556,
              0,
              0.14668694998715456,
              0.9472888398712651,
              0.28482765629729234,
              0,
              -0.08782280396449131,
              -0.27433348201154395,
              0.957615944281767,
              0,
              0,
              3.0828897149846632,
              4.480851245602935e-10,
              1
            ]
          }
        }
      },
      "children": [
        13,
        17
      ]
    },
    {
      "name": "mixamorigLeftShoulder"
    },
    {
      "name": "mixamorigLeftArm"
    },
    {
      "rotation": [
        3.0357660829594116e-18,
        -3.469446951953614e-18,
        1.0532429383367693e-35,
        1
      ],
      "translation": [
        -0.056058074516524115,
        0.6789161748029358,
        0.26430764655831407
      ],
      "name": "mixamorigLeftHandIndex4",
      "extras": {
        "transformData": {
          "eulerOrder": "ZYX",
          "translation": [
            -0.056058074516524115,
            0.6789161748029358,
            0.26430764655831407
          ],
          "preRotation": [
            3.4787316828507205e-16,
            -3.975693351829396e-16,
            0
          ],
          "parentMatrixWorld": {
            "elements": [
              0.9994051621180816,
              -0.034249089240550944,
              0.004040018569212246,
              0,
              0.03442912533441154,
              0.9841138255607329,
              -0.17416834343806556,
              0,
              0.00198926935184348,
              0.1742038358172556,
              0.9847076036310459,
              0,
              -0.05320150848073624,
              1.1843164029386468,
              0.2344724929854296,
              1
            ]
          }
        }
      }
    },
    {
      "rotation": [
        -0.08744102716445923,
        -0.0005147357587702572,
        -0.017238155007362366,
        0.9960203766822815
      ],
      "translation": [
        -0.05320150848073624,
        1.1843164029386468,
        0.2344724929854296
      ],
      "name": "mixamorigLeftHandIndex3",
      "extras": {
        "transformData": {
          "eulerOrder": "ZYX",
          "translation": [
            -0.05320150848073624,
            1.1843164029386468,
            0.2344724929854296
          ],
          "preRotation": [
            3.4787316828507205e-16,
            -3.975693351829396e-16,
            0
          ],
          "parentMatrixWorld": {
            "elements": [
              0.999984619269238,
              0.005510710511274391,
              0.0006271316053465688,
              0,
              -0.005349965104010512,
              0.9285857454953762,
              0.37107935606928627,
              0,
              0.0014625654772913322,
              -0.3710770037297801,
              0.9286009452775332,
              0,
              2.2110953623588614e-9,
              0.8453627013085097,
              -5.271444081245136e-8,
              1
            ]
          }
        }
      },
      "children": [
        21
      ]
    },
    {
      "rotation": [
        0.18894306582693676,
        0.00021269027069127143,
        0.0027649825008026073,
        0.9819841185371256
      ],
      "translation": [
        2.2110953623588614e-9,
        0.8453627013085097,
        -5.271444081245136e-8
      ],
      "name": "mixamorigLeftHandIndex2",
      "extras": {
        "transformData": {
          "eulerOrder": "ZYX",
          "translation": [
            2.2110953623588614e-9,
            0.8453627013085097,
            -5.271444081245136e-8
          ],
          "preRotation": [
            -2.484808330771715e-17,
            0,
            0
          ],
          "parentMatrixWorld": {
            "elements": [
              0.9980526806526198,
              0.06093825077610041,
              0.013318265515870495,
              0,
              -0.06090912028971932,
              0.9060560877827182,
              0.4187510513640707,
              0,
              0.013450861293412742,
              -0.4187468131763288,
              0.9080034025180516,
              0,
              -9.123812816369536e-12,
              0.24936195978601639,
              2.567013268617302e-11,
              1
            ]
          }
        }
      },
      "children": [
        22
      ]
    },
    {
      "rotation": [
        0.21447213709002505,
        0.00003395602661531006,
        0.031203501737438803,
        0.9762315467916217
      ],
      "translation": [
        -9.123812816369536e-12,
        0.24936195978601639,
        2.567013268617302e-11
      ],
      "scale": [
        0.9999999999999999,
        0.9999999999999999,
        1
      ],
      "name": "mixamorigLeftHandIndex1",
      "extras": {
        "transformData": {
          "eulerOrder": "ZYX",
          "translation": [
            -9.123812816369536e-12,
            0.24936195978601639,
            2.567013268617302e-11
          ],
          "preRotation": [
            1.2004340279658867,
            -1.209187576546944e-7,
            -3.2646755132863676
          ],
          "parentMatrixWorld": {
            "elements": [
              0.8598551112282646,
              0.06731463589966119,
              -0.5060809497270701,
              0,
              -0.26513264124180264,
              0.9059955388809983,
              -0.32996479539823564,
              0,
              0.43629562275033523,
              0.41790049467277496,
              0.7968722020462964,
              0,
              -6.903260185708859e-10,
              4.294280109365591,
              3.3654856679277145e-11,
              1
            ]
          }
        }
      },
      "children": [
        23
      ]
    },
    {
      "rotation": [
        -0.19810815878010302,
        0.24963384466375813,
        0.08806468068560919,
        0.9437588217923037
      ],
      "translation": [
        -6.903260185708859e-10,
        4.294280109365591,
        3.3654856679277145e-11
      ],
      "scale": [
        0.9999999999999999,
        0.9999999999999999,
        1
      ],
      "name": "mixamorigLeftHand",
      "extras": {
        "transformData": {
          "eulerOrder": "ZYX",
          "translation": [
            -6.903260185708859e-10,
            4.294280109365591,
            3.3654856679277145e-11
          ],
          "preRotation": [
            0.08871533565470217,
            4.0571742640435826e-8,
            1.9198806063824225
          ],
          "parentMatrixWorld": {
            "elements": [
              0.8443782994215855,
              0.28049675944962316,
              -0.4564502777326786,
              0,
              -0.22049944265100596,
              0.958431827445274,
              0.1810757523826494,
              0,
              0.4882676355182421,
              -0.052249404289494955,
              0.8711284155537616,
              0,
              -2.620994421498324e-9,
              5.750592265871548,
              2.614503280540248e-9,
              1
            ]
          }
        }
      },
      "children": [
        24
      ]
    },
    {
      "rotation": [
        0.060864719712140664,
        0.2464371687012366,
        0.1306888372116207,
        0.9583760418829428
      ],
      "translation": [
        -2.620994421498324e-9,
        5.750592265871548,
        2.614503280540248e-9
      ],
      "scale": [
        1,
        0.9999999999999999,
        1
      ],
      "name": "mixamorigLeftForeArm",
      "extras": {
        "transformData": {
          "eulerOrder": "ZYX",
          "translation": [
            -2.620994421498324e-9,
            5.750592265871548,
            2.614503280540248e-9
          ],
          "preRotation": [
            -5.932662947301765,
            2.0488701684573517e-7,
            0.1444584518775298
          ],
          "parentMatrixWorld": {
            "elements": [
              0.9601903176828374,
              -0.19785064105807262,
              -0.19720465692709865,
              0,
              0.2760940042183857,
              0.7795635307036245,
              0.5621857319303601,
              0,
              0.042504749328551375,
              -0.5942523203020132,
              0.8031547306815057,
              0,
              6.682051578721371e-10,
              3.3445085588115173,
              7.981803662460152e-9,
              1
            ]
          }
        }
      },
      "children": [
        25
      ]
    },
    {
      "rotation": [
        0.30719377284448135,
        0.06367590270126036,
        -0.1258976591274077,
        0.9411307735214305
      ],
      "translation": [
        6.682051578721371e-10,
        3.3445085588115173,
        7.981803662460152e-9
      ],
      "name": "mixamorigLeftArm",
      "extras": {
        "transformData": {
          "eulerOrder": "ZYX",
          "translation": [
            6.682051578721371e-10,
            3.3445085588115173,
            7.981803662460152e-9
          ],
          "preRotation": [
            -8.47929037468207,
            -1.7821232227680927e-8,
            -0.631440810557954
          ],
          "parentMatrixWorld": {
            "elements": [
              -0.038446980088989946,
              0.029720599126481007,
              -0.9988185825791307,
              0,
              0.7225108199149066,
              -0.6896681300971632,
              -0.04833279396758122,
              0,
              -0.6902897869907321,
              -0.7235154662164356,
              0.005042164706972385,
              0,
              1.5860112085938454,
              3.0115126780044417,
              0.009037534788904233,
              1
            ]
          }
        }
      },
      "children": [
        20,
        26
      ]
    },
    {
      "rotation": [
        0.6415175339188324,
        0.29314530752037216,
        -0.6582471562591679,
        0.2631193367874032
      ],
      "translation": [
        1.5860112085938454,
        3.0115126780044417,
        0.009037534788904233
      ],
      "name": "mixamorigLeftShoulder",
      "extras": {
        "transformData": {
          "eulerOrder": "ZYX",
          "translation": [
            1.5860112085938454,
            3.0115126780044417,
            0.009037534788904233
          ],
          "preRotation": [
            111.99801705304826,
            89.73723385918557,
            7.604929593805677
          ],
          "parentMatrixWorld": {
            "elements": [
              0.9852766586861178,
              -0.1654841253285775,
              0.042952420850926556,
              0,
              0.14668694998715456,
              0.9472888398712651,
              0.28482765629729234,
              0,
              -0.08782280396449131,
              -0.27433348201154395,
              0.957615944281767,
              0,
              0,
              3.0828897149846632,
              4.480851245602935e-10,
              1
            ]
          }
        }
      },
      "children": [
        19,
        27
      ]
    },
    {
      "name": "mixamorigRightShoulder"
    },
    {
      "name": "mixamorigRightShoulder",
      "children": [
        29
      ]
    },
    {
      "name": "mixamorigRightArm"
    },
    {
      "name": "mixamorigRightArm",
      "children": [
        31
      ]
    },
    {
      "rotation": [
        1.5178830414797062e-18,
        -5.2662146916838494e-36,
        -3.469446951953615e-18,
        1
      ],
      "translation": [
        -0.01911861763573741,
        0.545248608189354,
        0.004342975379014291
      ],
      "name": "mixamorigRightHandIndex4",
      "extras": {
        "transformData": {
          "eulerOrder": "ZYX",
          "translation": [
            -0.01911861763573741,
            0.545248608189354,
            0.004342975379014291
          ],
          "preRotation": [
            1.7393658414253607e-16,
            0,
            -3.975693351829397e-16
          ],
          "parentMatrixWorld": {
            "elements": [
              0.999919826048241,
              0.012333716484132312,
              -0.0028672149384973145,
              0,
              -0.011975318288247688,
              0.9946704261012118,
              0.10240769372416242,
              0,
              0.004115001301295024,
              -0.10236514748534159,
              0.9947383796154907,
              0,
              -0.0563627218037257,
              1.1927726467624264,
              0.13252407794171184,
              1
            ]
          }
        }
      }
    },
    {
      "rotation": [
        0.05126163363456726,
        0.0017478871159255505,
        0.006085381377488375,
        0.9986652135848999
      ],
      "translation": [
        -0.0563627218037257,
        1.1927726467624264,
        0.13252407794171184
      ],
      "name": "mixamorigRightHandIndex3",
      "extras": {
        "transformData": {
          "eulerOrder": "ZYX",
          "translation": [
            -0.0563627218037257,
            1.1927726467624264,
            0.13252407794171184
          ],
          "preRotation": [
            1.7393658414253607e-16,
            0,
            -3.975693351829397e-16
          ],
          "parentMatrixWorld": {
            "elements": [
              0.9984625180976592,
              -0.0516311926893109,
              -0.0201697760305694,
              0,
              0.055168096307430574,
              0.9610052137629128,
              0.27097132597072854,
              0,
              0.00539268703506408,
              -0.27166744061443954,
              0.9623760802782368,
              0,
              -3.169731144225807e-10,
              0.8220560719330336,
              2.1485559997813652e-9,
              1
            ]
          }
        }
      },
      "children": [
        33
      ]
    },
    {
      "rotation": [
        0.13700476639200332,
        0.006453979141133949,
        -0.026964552739034905,
        0.9901822777328584
      ],
      "translation": [
        -3.169731144225807e-10,
        0.8220560719330336,
        2.1485559997813652e-9
      ],
      "name": "mixamorigRightHandIndex2",
      "extras": {
        "transformData": {
          "eulerOrder": "ZYX",
          "translation": [
            -3.169731144225807e-10,
            0.8220560719330336,
            2.1485559997813652e-9
          ],
          "preRotation": [
            9.939233523366507e-17,
            3.975693365248542e-16,
            0
          ],
          "parentMatrixWorld": {
            "elements": [
              0.9826784894120584,
              -0.18137116225381972,
              -0.03804586491107753,
              0,
              0.1850634778044322,
              0.9496535582057971,
              0.25280353684713336,
              0,
              -0.009720880467415191,
              -0.25546549779214833,
              0.9667693022146152,
              0,
              -1.0203464739788615e-9,
              0.21272641668626058,
              -2.24761542710894e-10,
              1
            ]
          }
        }
      },
      "children": [
        34
      ]
    },
    {
      "rotation": [
        0.12870084400621268,
        0.007172283094029841,
        -0.0927863871976374,
        0.987307112404691
      ],
      "translation": [
        -1.0203464739788615e-9,
        0.21272641668626058,
        -2.24761542710894e-10
      ],
      "scale": [
        1,
        0.9999999999999999,
        1
      ],
      "name": "mixamorigRightHandIndex1",
      "extras": {
        "transformData": {
          "eulerOrder": "ZYX",
          "translation": [
            -1.0203464739788615e-9,
            0.21272641668626058,
            -2.24761542710894e-10
          ],
          "preRotation": [
            -0.8430255247789774,
            1.743896312650453e-7,
            -16.421603156698612
          ],
          "parentMatrixWorld": {
            "elements": [
              0.8705549264538467,
              0.41001628253646766,
              0.2720675810869836,
              0,
              -0.18329404136193533,
              0.7833154061697409,
              -0.5939867589913408,
              0,
              -0.45665897015689505,
              0.4672297331193762,
              0.7570726270207417,
              0,
              4.906143269423069e-10,
              4.294322087344106,
              -1.461497589616556e-11,
              1
            ]
          }
        }
      },
      "children": [
        35
      ]
    },
    {
      "rotation": [
        -0.2873007541163807,
        -0.1972865002319929,
        0.16062556956875984,
        0.9234369183737299
      ],
      "translation": [
        4.906143269423069e-10,
        4.294322087344106,
        -1.461497589616556e-11
      ],
      "name": "mixamorigRightHand",
      "extras": {
        "transformData": {
          "eulerOrder": "ZYX",
          "translation": [
            4.906143269423069e-10,
            4.294322087344106,
            -1.461497589616556e-11
          ],
          "preRotation": [
            2.72260252344456,
            7.187921493132833e-8,
            13.4309207763149
          ],
          "parentMatrixWorld": {
            "elements": [
              0.011340714758340309,
              -0.9658941385111693,
              0.258688838933048,
              0,
              0.999769295292537,
              0.015672333479850305,
              0.014688366218560565,
              0,
              -0.018241666289739333,
              0.25846257969321745,
              0.9658490239127667,
              0,
              5.206804321034042e-9,
              5.753506590574557,
              9.680940493694834e-10,
              1
            ]
          }
        }
      },
      "children": [
        36
      ]
    },
    {
      "rotation": [
        -0.0863414115093727,
        -0.09808490557769739,
        -0.6962104523192998,
        0.7058438390487577
      ],
      "translation": [
        5.206804321034042e-9,
        5.753506590574557,
        9.680940493694834e-10
      ],
      "scale": [
        1,
        0.9999999999999999,
        1
      ],
      "name": "mixamorigRightForeArm",
      "extras": {
        "transformData": {
          "eulerOrder": "ZYX",
          "translation": [
            5.206804321034042e-9,
            5.753506590574557,
            9.680940493694834e-10
          ],
          "preRotation": [
            -6.036775366069554,
            2.5059225865842826e-7,
            -1.923258143989969
          ],
          "parentMatrixWorld": {
            "elements": [
              0.9526022235981221,
              0.28300374630280495,
              0.11161489071413216,
              0,
              -0.27572881252879283,
              0.6481616003097167,
              0.7098310832056048,
              0,
              0.12854036794724,
              -0.7069621095376741,
              0.6954724679611891,
              0,
              -3.2319328324703633e-9,
              3.3445083030748273,
              -2.9230393217005712e-8,
              1
            ]
          }
        }
      },
      "children": [
        37
      ]
    },
    {
      "rotation": [
        0.3901820585724106,
        0.004661243139055027,
        0.1538738477238336,
        0.9077769989777402
      ],
      "translation": [
        -3.2319328324703633e-9,
        3.3445083030748273,
        -2.9230393217005712e-8
      ],
      "scale": [
        0.9999999999999999,
        0.9999999999999999,
        1
      ],
      "name": "mixamorigRightArm",
      "extras": {
        "transformData": {
          "eulerOrder": "ZYX",
          "translation": [
            -3.2319328324703633e-9,
            3.3445083030748273,
            -2.9230393217005712e-8
          ],
          "preRotation": [
            -8.36259550856224,
            1.567422889792735e-7,
            2.813237116513353
          ],
          "parentMatrixWorld": {
            "elements": [
              0.25816730531294396,
              -0.016776046926361254,
              0.9659545497115021,
              0,
              -0.9145201576331878,
              -0.3265759322856656,
              0.23874885467906676,
              0,
              0.3114522582056445,
              -0.9450220624818879,
              -0.0996532519591462,
              0,
              -1.5860111340880394,
              3.0126734987841806,
              0.03377437393717275,
              1
            ]
          }
        }
      },
      "children": [
        32,
        38
      ]
    },
    {
      "rotation": [
        0.6489215071096341,
        -0.35878615300779676,
        0.49212685737865786,
        0.45605319911247705
      ],
      "translation": [
        -1.5860111340880394,
        3.0126734987841806,
        0.03377437393717275
      ],
      "name": "mixamorigRightShoulder",
      "extras": {
        "transformData": {
          "eulerOrder": "ZYX",
          "translation": [
            -1.5860111340880394,
            3.0126734987841806,
            0.03377437393717275
          ],
          "preRotation": [
            106.53688841113188,
            -88.86165956871393,
            -2.1852333955433836
          ],
          "parentMatrixWorld": {
            "elements": [
              0.9852766586861178,
              -0.1654841253285775,
              0.042952420850926556,
              0,
              0.14668694998715456,
              0.9472888398712651,
              0.28482765629729234,
              0,
              -0.08782280396449131,
              -0.27433348201154395,
              0.957615944281767,
              0,
              0,
              3.0828897149846632,
              4.480851245602935e-10,
              1
            ]
          }
        }
      },
      "children": [
        30,
        39
      ]
    },
    {
      "rotation": [
        0.1417496689000416,
        -0.03315206216579992,
        -0.07913666300202482,
        0.9861771506202655
      ],
      "translation": [
        0,
        3.0828897149846632,
        4.480851245602935e-10
      ],
      "name": "mixamorigSpine2",
      "extras": {
        "transformData": {
          "eulerOrder": "ZYX",
          "translation": [
            0,
            3.0828897149846632,
            4.480851245602935e-10
          ],
          "preRotation": [
            -3.975693425015448e-16,
            0,
            0
          ],
          "parentMatrixWorld": {
            "elements": [
              0.9852766685222393,
              -0.16548406790647632,
              0.04295241696818608,
              0,
              0.14668688801991345,
              0.9472888237584769,
              0.28482774207655215,
              0,
              -0.0878227973667291,
              -0.2743335725763769,
              0.9576159190086241,
              0,
              0,
              2.697527039056257,
              8.179917854178598e-9,
              1
            ]
          }
        }
      },
      "children": [
        11,
        18,
        28,
        40
      ]
    },
    {
      "rotation": [
        0.14174971406949843,
        -0.03315205961781837,
        -0.07913663299621107,
        0.9861771473817188
      ],
      "translation": [
        0,
        2.697527039056257,
        8.179917854178598e-9
      ],
      "name": "mixamorigSpine1",
      "extras": {
        "transformData": {
          "eulerOrder": "ZYX",
          "translation": [
            0,
            2.697527039056257,
            8.179917854178598e-9
          ],
          "preRotation": [
            2.1320878081410757e-7,
            0,
            0
          ],
          "parentMatrixWorld": {
            "elements": [
              0.9970561489250993,
              -0.06645577860199313,
              0.03824480916238847,
              0,
              0.058015410257703626,
              0.9799922810429935,
              0.19039259856137417,
              0,
              -0.050132306052035724,
              -0.18761332283376123,
              0.9809627889415165,
              0,
              0,
              2.3096247911453247,
              0.10838329792022705,
              1
            ]
          }
        }
      },
      "children": [
        9,
        41
      ]
    },
    {
      "rotation": [
        0.0950014196480628,
        -0.02221116372670335,
        -0.03128241907774915,
        0.9947375597003603
      ],
      "translation": [
        0,
        2.3096247911453247,
        0.10838329792022705
      ],
      "name": "mixamorigSpine",
      "extras": {
        "transformData": {
          "eulerOrder": "ZYX",
          "translation": [
            0,
            2.3096247911453247,
            0.10838329792022705
          ],
          "preRotation": [
            2.6867365300075248,
            0,
            0
          ],
          "parentMatrixWorld": {
            "elements": [
              0.5365410681252036,
              0.6214295526239884,
              0.5709194172767558,
              0,
              -0.3763882100381514,
              0.7817507595200496,
              -0.49718976209679033,
              0,
              -0.7552851019597548,
              0.05187538255411958,
              0.6533401489496872,
              0,
              1.4832626094245722,
              5.868174177447934,
              31.787080954905377,
              1
            ]
          }
        }
      },
      "children": [
        8,
        42
      ]
    },
    {
      "name": "mixamorigLeftUpLeg"
    },
    {
      "name": "mixamorigLeftUpLeg",
      "children": [
        44
      ]
    },
    {
      "name": "mixamorigLeftUpLeg",
      "children": [
        45
      ]
    },
    {
      "rotation": [
        -3.931757394015275e-12,
        6.556712550094467e-17,
        -1.73472345243341e-18,
        1
      ],
      "translation": [
        8.316211053127631e-10,
        1.4740211558990466,
        -1.0800249583553523e-12
      ],
      "name": "mixamorigLeftToe_End",
      "extras": {
        "transformData": {
          "eulerOrder": "ZYX",
          "translation": [
            8.316211053127631e-10,
            1.4740211558990466,
            -1.0800249583553523e-12
          ],
          "preRotation": [
            -4.5054620949286067e-10,
            7.513439132016665e-15,
            -1.9878466492313622e-16
          ],
          "parentMatrixWorld": {
            "elements": [
              0.9995454812649726,
              -0.029747987295039875,
              -0.004887549687156841,
              0,
              0.026128147258048687,
              0.7739679903399431,
              0.6326854459116545,
              0,
              -0.015038311438190243,
              -0.6325255811423453,
              0.7743934671736539,
              0,
              9.140800116824721e-9,
              3.1572397387104445,
              8.978091514677544e-8,
              1
            ]
          }
        }
      }
    },
    {
      "rotation": [
        0.33585116634879186,
        -0.00269452692121357,
        -0.014832359629691937,
        0.9417944269843916
      ],
      "translation": [
        9.140800116824721e-9,
        3.1572397387104445,
        8.978091514677544e-8
      ],
      "scale": [
        0.9999999999999999,
        0.9999999999999999,
        0.9999999999999999
      ],
      "name": "mixamorigLeftToeBase",
      "extras": {
        "transformData": {
          "eulerOrder": "ZYX",
          "translation": [
            9.140800116824721e-9,
            3.1572397387104445,
            8.978091514677544e-8
          ],
          "preRotation": [
            37.912523528357745,
            6.578916271541256,
            -6.954464979101092e-8
          ],
          "parentMatrixWorld": {
            "elements": [
              0.9966675073853557,
              -0.0621572332599933,
              0.052823839402522256,
              0,
              0.02380867946132449,
              0.8410482890628228,
              0.540435860278405,
              0,
              -0.07801939783200447,
              -0.5373771958745686,
              0.8397253835139028,
              0,
              3.366139367244614e-9,
              6.516226827786305,
              -2.2016809486657962e-9,
              1
            ]
          }
        }
      },
      "children": [
        47
      ]
    },
    {
      "rotation": [
        0.2810221676347926,
        -0.03411523912991213,
        -0.02241420902978868,
        0.958832772183354
      ],
      "translation": [
        3.366139367244614e-9,
        6.516226827786305,
        -2.2016809486657962e-9
      ],
      "scale": [
        1,
        0.9999999999999999,
        0.9999999999999999
      ],
      "name": "mixamorigLeftFoot",
      "extras": {
        "transformData": {
          "eulerOrder": "ZYX",
          "translation": [
            3.366139367244614e-9,
            6.516226827786305,
            -2.2016809486657962e-9
          ],
          "preRotation": [
            51.10415196768382,
            -2.723391390985458,
            -4.2810601908217426e-8
          ],
          "parentMatrixWorld": {
            "elements": [
              0.9559645370271611,
              0.05894434985145556,
              -0.287501940830426,
              0,
              -0.18843994706401454,
              0.8742936551348931,
              -0.447326487494912,
              0,
              0.22499375260478677,
              0.48180510964975615,
              0.8469011997222117,
              0,
              -2.3006041516282494e-11,
              7.610354419900866,
              9.546017254447037e-9,
              1
            ]
          }
        }
      },
      "children": [
        48
      ]
    },
    {
      "rotation": [
        -0.24226518640224415,
        0.13363001008897687,
        0.06450389050312624,
        0.9587960314714676
      ],
      "translation": [
        -2.3006041516282494e-11,
        7.610354419900866,
        9.546017254447037e-9
      ],
      "scale": [
        0.9999999999999999,
        0.9999999999999999,
        1
      ],
      "name": "mixamorigLeftLeg",
      "extras": {
        "transformData": {
          "eulerOrder": "ZYX",
          "translation": [
            -2.3006041516282494e-11,
            7.610354419900866,
            9.546017254447037e-9
          ],
          "preRotation": [
            4.49402837047082,
            -3.004139583550453e-9,
            0.5571120472884553
          ],
          "parentMatrixWorld": {
            "elements": [
              -0.9723542670989254,
              -0.22489324682956602,
              0.06284994915172815,
              0,
              0.18423868440409308,
              -0.5735053467690272,
              0.798215291795634,
              0,
              -0.14346844861142083,
              0.7877274734435737,
